4 0.50
4 1.00
2 0.50
1 1.00
2 1.00
4 1.00
4 0.50
5 0.50
6 2.00
5 0.50
5 1.00
4 0.50
5 1.00
5 0.50
8 0.50
8 1.00
6 0.50
5 0.50
6 2.00
4 0.50
4 1.00
2 0.50
1 1.00
8 1.00
6 1.00
6 0.50
5 0.50
4 2.00
5 0.50
5 1.00
4 0.50
5 0.50
5 1.00
6 0.50
5 0.50
4 0.50
2 0.50
5 0.50
4 4.00
4 0.50
4 1.00
2 0.50
1 1.00
2 1.00
4 0.50
4 1.00
5 0.50
6 2.00
5 0.50
5 1.00
4 0.50
5 1.00
5 0.50
8 0.50
8 1.00
6 0.50
5 0.50
6 2.00
4 0.50
4 0.50
4 0.50
2 0.50
1 1.00
8 1.00
6 1.00
6 0.50
5 0.50
4 2.00
5 0.50
5 1.00
4 0.50
5 0.50
5 1.00
6 0.50
5 0.50
4 0.50
2 0.50
5 0.50
4 2.00
6 0.50
8 1.00
8 0.50
8 1.00
8 1.00
9 0.50
8 0.50
6 0.50
5 0.50
4 2.00
9 0.50
11 0.50
9 0.50
8 0.50
6 1.00
4 0.50
2 0.50
5 0.75
5 0.50
6 0.50
6 2.00
6 0.50
8 1.00
8 0.50
8 1.00
8 1.00
9 0.50
8 0.50
6 0.50
5 0.50
4 2.00
2 0.50
4 0.50
2 0.50
1 0.50
5 0.75
6 1.00
4 4.00
