6 1.00
1 1.00
2 0.50
4 0.50
4 1.50
6 0.50
6 0.50
6 0.50
6 0.50
5 0.50
4 0.50
4 1.50
1 0.25
1 0.75
1 0.25
2 0.50
4 0.50
4 1.50
2 0.25
2 0.50
4 0.25
2 0.50
1 0.50
8 2.00
0 0.50
6 0.50
6 0.50
5 0.50
4 0.50
5 0.50
6 0.50
2 0.50
1 1.75
1 0.25
1 0.25
1 0.50
2 0.50
4 0.50
4 0.50
2 0.50
5 2.00
1 0.50
2 0.50
4 0.50
5 0.50
6 0.50
8 0.50
8 0.50
9 0.50
6 0.50
5 2.50
5 1.00
4 4.00
6 1.00
1 0.50
1 0.50
5 1.00
1 1.00
4 1.00
4 0.50
5 0.50
6 1.00
1 1.50
1 0.50
1 0.50
2 0.50
3 0.50
4 2.00
2 0.50
3 0.50
4 1.00
5 1.00
5 4.00
