1 0.50
4 0.50
6 1.50
8 0.50
6 1.00
5 0.50
4 0.50
4 0.50
4 0.50
4 0.50
1 0.50
1 2.00
1 0.50
4 0.50
6 1.50
8 0.50
8 0.50
8 0.50
9 0.50
8 0.50
8 0.50
6 0.50
5 0.50
5 0.50
5 2.00
9 0.50
8 0.50
6 1.50
8 0.50
8 0.50
8 0.50
9 0.50
8 0.50
6 0.50
5 0.50
4 0.50
5 0.50
2 2.00
1 0.50
2 0.50
4 1.50
6 0.50
5 1.00
6 0.50
4 0.50
4 4.00
1 0.50
4 0.50
6 1.50
8 0.50
6 1.00
5 0.50
4 0.50
4 0.50
4 0.50
4 0.50
1 0.50
1 2.00
1 0.50
4 0.50
6 1.50
8 0.50
8 0.50
8 0.50
9 0.50
8 0.50
8 0.50
6 0.50
5 0.50
5 0.50
5 2.00
9 0.50
8 0.50
6 1.50
8 0.50
8 0.50
8 0.50
9 0.50
8 0.50
6 0.50
5 0.50
4 0.50
5 0.50
2 2.00
1 0.50
2 0.50
4 1.50
6 0.50
5 1.00
6 0.50
4 0.50
4 4.00
6 0.50
8 0.50
11 1.50
11 0.50
10 2.00
9 0.50
8 0.50
9 0.50
11 0.50
6 0.50
5 0.50
4 2.00
4 0.50
4 0.50
4 0.50
11 1.00
9 0.50
8 0.50
6 0.50
5 0.50
5 0.50
5 3.00
6 0.50
8 0.50
11 1.50
11 0.50
10 2.00
9 0.50
8 0.50
9 0.50
11 0.50
6 0.50
5 0.50
4 2.00
4 0.50
4 0.50
4 0.50
11 1.00
9 0.50
8 0.50
6 0.50
5 0.50
4 0.50
4 4.00
6 0.50
8 0.50
11 1.50
11 0.50
10 1.00
9 0.50
8 0.50
9 0.50
11 0.50
6 0.50
5 0.50
4 2.00
4 0.50
4 0.50
4 0.50
11 1.00
9 0.50
8 0.50
6 0.50
5 1.00
0 1.00
4 0.50
4 3.50
