4 0.50
5 0.50
6 1.50
6 0.25
6 0.25
6 0.50
4 0.50
5 0.50
6 0.25
4 2.25
0 1.00
6 0.50
8 0.50
9 1.50
9 0.25
9 0.25
11 0.50
9 0.50
9 1.50
6 0.25
8 2.00
0 1.00
6 0.50
8 0.50
9 1.50
9 0.25
9 0.25
12 0.50
11 0.50
11 0.50
9 0.50
8 0.75
9 0.25
6 0.50
5 0.50
4 1.50
4 0.50
5 0.50
6 1.50
5 0.25
9 0.25
8 0.50
6 0.50
5 0.75
4 0.25
4 3.00
4 0.50
3 0.50
2 1.00
4 0.50
5 0.50
6 0.50
0 1.00
6 0.50
9 0.25
9 0.50
8 0.25
8 0.25
6 0.25
8 0.50
6 0.25
8 1.50
6 0.50
8 0.50
9 0.25
11 1.50
11 0.50
9 0.25
11 1.00
9 0.50
9 0.50
11 0.50
12 0.25
12 0.25
12 0.25
12 0.25
12 0.50
11 0.25
12 2.25
0 0.75
8 0.25
11 0.50
12 0.50
13 0.25
13 0.25
13 0.25
13 0.25
12 0.50
11 0.50
13 0.25
13 0.25
13 0.25
13 0.25
12 0.50
11 0.50
11 0.50
9 0.50
11 0.50
12 0.25
13 1.25
8 0.50
9 0.50
12 0.25
12 0.25
12 0.25
12 0.25
11 0.50
9 0.50
12 0.25
12 0.25
12 0.25
12 0.25
11 0.50
9 0.50
11 0.50
9 0.50
6 0.50
9 0.25
8 1.00
8 0.25
11 0.50
12 0.50
13 0.25
13 0.25
13 0.25
13 0.25
12 0.50
11 0.50
13 0.25
13 0.25
13 0.25
13 0.25
12 0.50
11 0.50
11 0.50
9 0.50
11 0.50
12 0.25
13 2.25
12 0.50
11 0.50
12 0.50
11 0.50
12 0.75
13 0.50
12 0.50
11 0.25
11 4.00
