8 0.50
8 0.50
8 0.50
8 0.50
6 0.50
7 0.40
8 1.50
11 1.50
9 0.50
9 0.50
9 0.50
9 0.50
7 0.50
9 0.50
8 1.75
0 1.00
8 0.50
8 0.50
8 0.50
8 0.50
10 0.50
9 0.50
8 1.50
7 1.50
7 0.50
7 0.50
7 0.50
7 0.50
6 0.50
5 0.50
4 4.00
8 0.50
8 0.50
8 0.50
8 0.50
6 0.50
7 0.40
8 1.50
11 1.50
9 0.50
9 0.50
9 0.50
9 0.50
7 0.50
9 0.50
8 1.75
0 1.00
8 0.50
8 0.50
8 0.50
8 0.50
10 0.50
9 0.50
8 1.50
7 1.50
7 0.50
7 0.50
7 0.50
7 0.50
6 0.50
5 0.50
4 4.00
11 0.50
11 0.50
11 0.50
11 0.50
8 0.50
9 0.50
11 1.50
11 0.50
13 1.00
12 0.50
12 0.50
12 0.50
12 0.75
11 0.50
10 0.50
9 2.50
0 0.50
10 0.50
10 0.50
10 0.50
10 0.50
10 0.50
11 0.50
12 1.50
8 1.00
0 0.50
10 0.50
10 0.50
11 0.50
12 0.50
11 0.50
10 0.50
11 2.50
0 0.50
