4 0.50
5 0.50
6 1.00
6 1.00
6 1.00
6 0.50
7 0.50
5 1.00
5 1.00
5 0.50
5 1.00
5 0.50
6 0.50
4 1.00
4 1.00
4 1.00
4 0.50
5 0.50
6 2.00
5 1.00
4 0.50
5 0.50
6 1.00
6 1.00
6 1.00
6 0.50
7 0.50
5 1.00
5 1.00
5 0.50
5 0.50
5 0.50
6 0.50
5 0.50
4 1.50
0 0.50
6 0.50
5 0.50
5 1.00
6 1.50
0 4.00
6 0.50
7 0.50
6 0.50
5 1.50
5 0.50
6 1.00
5 0.50
4 2.00
0 1.00
4 0.50
4 1.50
6 0.50
5 0.50
4 0.50
5 2.00
0 1.00
4 0.50
5 0.50
5 0.50
4 1.50
5 0.50
5 1.00
4 1.00
0 1.00
4 0.50
5 0.50
5 1.00
4 1.00
6 0.50
5 0.50
4 0.50
5 0.50
6 2.00
4 0.50
5 0.50
6 1.00
6 1.00
6 1.00
6 0.50
7 0.50
5 1.00
5 1.00
5 0.50
5 1.00
5 0.50
6 0.50
4 1.00
4 1.00
4 1.00
4 0.50
5 0.50
6 2.00
5 1.00
4 0.50
5 0.50
6 1.00
6 1.00
6 1.00
6 0.50
7 0.50
5 1.00
5 1.00
5 0.50
5 0.50
5 0.50
6 0.50
5 0.50
4 1.50
0 0.50
6 0.50
5 0.50
5 1.00
6 1.50
0 2.00
6 1.50
5 1.50
4 2.00
