6 0.50
8 0.50
9 4.00
6 0.50
8 0.50
5 4.00
6 0.50
8 0.50
9 0.50
11 1.00
9 0.50
8 1.00
2 0.50
6 0.50
5 4.00
5 0.50
6 0.50
8 4.00
5 0.50
6 0.50
2 4.00
2 0.50
4 0.50
5 1.50
6 0.50
5 0.50
3 0.50
2 0.50
4 0.50
1 4.00
6 0.50
8 0.50
9 4.00
6 0.50
8 0.50
5 4.00
6 0.50
8 0.50
9 0.50
11 1.00
9 0.50
8 1.00
2 0.50
6 0.50
5 4.00
5 0.50
6 0.50
8 4.00
5 0.50
6 0.50
2 4.00
2 0.50
4 0.50
5 1.50
6 0.50
5 0.50
3 0.50
2 0.50
1 0.50
4 2.00
0 0.50
11 0.50
11 0.50
9 0.50
11 2.00
0 0.50
9 0.50
11 0.50
9 0.50
8 4.00
8 0.50
6 0.50
9 1.50
8 0.50
4 1.00
5 0.50
4 0.25
5 0.50
6 2.00
0 0.50
6 0.50
6 0.50
5 0.50
6 2.00
0 0.50
11 0.50
11 0.50
10 0.50
9 4.00
6 0.50
6 0.50
5 1.50
6 0.50
11 0.50
10 0.50
9 0.50
6 0.50
8 4.00
6 0.50
8 0.50
9 4.00
6 0.50
8 0.50
5 4.00
6 0.50
8 0.50
9 0.50
11 1.00
9 0.50
8 1.00
2 0.50
6 0.50
5 4.00
5 0.50
6 0.50
8 4.00
5 0.50
6 0.50
2 4.00
2 0.50
4 0.50
5 1.50
6 0.50
5 0.50
3 0.50
2 0.50
1 0.50
4 4.00
