m (0.000000 0.000000 -340.000000)
m (-13.141059 59.327833 -340.000000)
m (-13.141059 59.327833 -350.000000)
l (-12.888225 58.558551 -350.000000)
l (-12.197468 57.995397 -350.000000)
l (-11.253877 57.789269 -350.000000)
l (-10.310286 57.995397 -350.000000)
l (-9.619529 58.558551 -350.000000)
l (-9.366694 59.327833 -350.000000)
l (-9.619529 60.097116 -350.000000)
l (-10.310286 60.660269 -350.000000)
l (-11.253877 60.866398 -350.000000)
l (-12.197468 60.660269 -350.000000)
l (-12.888225 60.097116 -350.000000)
l (-13.141059 59.327833 -350.000000)
m (-13.141059 59.327833 -350.000000)
m (-13.141059 59.327833 -340.000000)
m (-18.307610 59.291349 -340.000000)
m (-18.307610 59.291349 -350.000000)
l (-17.623292 57.125419 -350.000000)
l (-15.753701 55.539847 -350.000000)
l (-13.199792 54.959488 -350.000000)
l (-10.645884 55.539847 -350.000000)
l (-8.776293 57.125419 -350.000000)
l (-8.091975 59.291349 -350.000000)
l (-8.776293 61.457280 -350.000000)
l (-10.645884 63.042852 -350.000000)
l (-13.199792 63.623211 -350.000000)
l (-15.753701 63.042852 -350.000000)
l (-17.623292 61.457280 -350.000000)
l (-18.307610 59.291349 -350.000000)
m (-18.307610 59.291349 -350.000000)
m (-18.307610 59.291349 -340.000000)
m (2.892424 59.291330 -340.000000)
m (2.892424 59.291330 -350.000000)
l (3.145258 58.522048 -350.000000)
l (3.836015 57.958894 -350.000000)
l (4.779606 57.752765 -350.000000)
l (5.723197 57.958894 -350.000000)
l (6.413954 58.522048 -350.000000)
l (6.666789 59.291330 -350.000000)
l (6.413954 60.060612 -350.000000)
l (5.723197 60.623766 -350.000000)
l (4.779606 60.829895 -350.000000)
l (3.836015 60.623766 -350.000000)
l (3.145258 60.060612 -350.000000)
l (2.892424 59.291330 -350.000000)
m (2.892424 59.291330 -350.000000)
m (2.892424 59.291330 -340.000000)
m (1.542481 59.405388 -340.000000)
m (1.542481 59.405388 -350.000000)
l (2.226798 57.239457 -350.000000)
l (4.096389 55.653886 -350.000000)
l (6.650298 55.073526 -350.000000)
l (9.204207 55.653886 -350.000000)
l (11.073798 57.239457 -350.000000)
l (11.758115 59.405388 -350.000000)
l (11.073798 61.571319 -350.000000)
l (9.204207 63.156890 -350.000000)
l (6.650298 63.737250 -350.000000)
l (4.096389 63.156890 -350.000000)
l (2.226798 61.571319 -350.000000)
l (1.542481 59.405388 -350.000000)
m (1.542481 59.405388 -350.000000)
m (1.542481 59.405388 -340.000000)
m (-31.468392 59.348369 -340.000000)
m (-31.468392 59.348369 -350.000000)
l (-31.008695 56.411056 -350.000000)
l (-29.689195 53.719556 -350.000000)
l (-27.599281 51.405116 -350.000000)
l (-24.828341 49.598980 -350.000000)
l (-21.597703 48.467803 -350.000000)
l (-18.188290 48.090744 -350.000000)
l (-14.778876 48.467803 -350.000000)
l (-11.548238 49.598980 -350.000000)
l (-8.777298 51.405116 -350.000000)
l (-6.687384 53.719556 -350.000000)
l (-5.367884 56.411056 -350.000000)
l (-4.908187 59.348369 -350.000000)
l (-5.367884 62.285682 -350.000000)
l (-6.687384 64.977181 -350.000000)
l (-8.777298 67.291622 -350.000000)
l (-11.548238 69.097758 -350.000000)
l (-14.778876 70.228935 -350.000000)
l (-18.188290 70.605994 -350.000000)
l (-21.597703 70.228935 -350.000000)
l (-24.828341 69.097758 -350.000000)
l (-27.599281 67.291622 -350.000000)
l (-29.689195 64.977181 -350.000000)
l (-31.008695 62.285682 -350.000000)
l (-31.468392 59.348369 -350.000000)
m (-31.468392 59.348369 -350.000000)
m (-31.468392 59.348369 -340.000000)
m (-1.364167 59.462404 -340.000000)
m (-1.364167 59.462404 -350.000000)
l (-0.904470 56.525091 -350.000000)
l (0.415030 53.833591 -350.000000)
l (2.504943 51.519151 -350.000000)
l (5.275884 49.713015 -350.000000)
l (8.506522 48.581838 -350.000000)
l (11.915935 48.204779 -350.000000)
l (15.325349 48.581838 -350.000000)
l (18.555986 49.713015 -350.000000)
l (21.326927 51.519151 -350.000000)
l (23.416841 53.833591 -350.000000)
l (24.736340 56.525091 -350.000000)
l (25.196037 59.462404 -350.000000)
l (24.736340 62.399717 -350.000000)
l (23.416841 65.091216 -350.000000)
l (21.326927 67.405657 -350.000000)
l (18.555986 69.211793 -350.000000)
l (15.325349 70.342970 -350.000000)
l (11.915935 70.720029 -350.000000)
l (8.506522 70.342970 -350.000000)
l (5.275884 69.211793 -350.000000)
l (2.504943 67.405657 -350.000000)
l (0.415030 65.091216 -350.000000)
l (-0.904470 62.399717 -350.000000)
l (-1.364167 59.462404 -350.000000)
m (-1.364167 59.462404 -350.000000)
m (-1.364167 59.462404 -340.000000)
m (-59.694952 15.793376 -340.000000)
m (-59.694952 15.793376 -350.000000)
l (-59.198961 9.740058 -350.000000)
l (-57.742622 3.869607 -350.000000)
l (-55.373390 -1.751379 -350.000000)
l (-52.138719 -7.056303 -350.000000)
l (-48.086061 -11.978567 -350.000000)
l (-43.262870 -16.451575 -350.000000)
l (-37.716601 -20.408728 -350.000000)
l (-31.494706 -23.783430 -350.000000)
l (-24.776819 -26.462047 -350.000000)
l (-17.774211 -28.375344 -350.000000)
l (-10.581789 -29.523323 -350.000000)
l (-3.294460 -29.905983 -350.000000)
l (3.992870 -29.523323 -350.000000)
l (11.185292 -28.375344 -350.000000)
l (18.187900 -26.462047 -350.000000)
l (24.905787 -23.783430 -350.000000)
l (31.127682 -20.408728 -350.000000)
l (36.673951 -16.451575 -350.000000)
l (41.497142 -11.978567 -350.000000)
l (45.549800 -7.056303 -350.000000)
l (48.784471 -1.751379 -350.000000)
l (51.153703 3.869607 -350.000000)
l (52.610041 9.740058 -350.000000)
l (53.106033 15.793376 -350.000000)
l (52.610041 21.846695 -350.000000)
l (51.153703 27.717146 -350.000000)
l (48.784471 33.338132 -350.000000)
l (45.549800 38.643056 -350.000000)
l (41.497142 43.565320 -350.000000)
l (36.673951 48.038328 -350.000000)
l (31.127682 51.995481 -350.000000)
l (24.905787 55.370182 -350.000000)
l (18.187900 58.048799 -350.000000)
l (11.185292 59.962097 -350.000000)
l (3.992870 61.110076 -350.000000)
l (-3.294460 61.492735 -350.000000)
l (-10.581789 61.110076 -350.000000)
l (-17.774211 59.962097 -350.000000)
l (-24.776819 58.048799 -350.000000)
l (-31.494706 55.370182 -350.000000)
l (-37.716601 51.995481 -350.000000)
l (-43.262870 48.038328 -350.000000)
l (-48.086061 43.565320 -350.000000)
l (-52.138719 38.643056 -350.000000)
l (-55.373390 33.338132 -350.000000)
l (-57.742622 27.717146 -350.000000)
l (-59.198961 21.846695 -350.000000)
l (-59.694952 15.793376 -350.000000)
m (-59.694952 15.793376 -350.000000)
m (-59.694952 15.793376 -340.000000)
m (-68.539700 24.583681 -340.000000)
m (-68.539700 24.583681 -350.000000)
l (-67.967651 17.267001 -350.000000)
l (-66.287989 10.171355 -350.000000)
l (-63.555445 3.377238 -350.000000)
l (-59.824750 -3.034853 -350.000000)
l (-55.150634 -8.984421 -350.000000)
l (-49.587827 -14.390970 -350.000000)
l (-43.191060 -19.174003 -350.000000)
l (-36.015063 -23.253024 -350.000000)
l (-28.267017 -26.490683 -350.000000)
l (-20.190588 -28.803297 -350.000000)
l (-11.895238 -30.190865 -350.000000)
l (-3.490426 -30.653388 -350.000000)
l (4.914385 -30.190865 -350.000000)
l (13.209735 -28.803297 -350.000000)
l (21.286164 -26.490683 -350.000000)
l (29.034211 -23.253024 -350.000000)
l (36.210208 -19.174003 -350.000000)
l (42.606975 -14.390970 -350.000000)
l (48.169781 -8.984421 -350.000000)
l (52.843897 -3.034853 -350.000000)
l (56.574593 3.377238 -350.000000)
l (59.307136 10.171355 -350.000000)
l (60.986798 17.267001 -350.000000)
l (61.558848 24.583681 -350.000000)
l (60.986798 31.900361 -350.000000)
l (59.307136 38.996007 -350.000000)
l (56.574593 45.790125 -350.000000)
l (52.843897 52.202215 -350.000000)
l (48.169781 58.151784 -350.000000)
l (42.606975 63.558332 -350.000000)
l (36.210208 68.341365 -350.000000)
l (29.034211 72.420386 -350.000000)
l (21.286164 75.658045 -350.000000)
l (13.209735 77.970659 -350.000000)
l (4.914385 79.358227 -350.000000)
l (-3.490426 79.820750 -350.000000)
l (-11.895238 79.358227 -350.000000)
l (-20.190588 77.970659 -350.000000)
l (-28.267017 75.658045 -350.000000)
l (-36.015063 72.420386 -350.000000)
l (-43.191060 68.341365 -350.000000)
l (-49.587827 63.558332 -350.000000)
l (-55.150634 58.151784 -350.000000)
l (-59.824750 52.202215 -350.000000)
l (-63.555445 45.790125 -350.000000)
l (-66.287989 38.996007 -350.000000)
l (-67.967651 31.900361 -350.000000)
l (-68.539700 24.583681 -350.000000)
m (-68.539700 24.583681 -350.000000)
m (-68.539700 24.583681 -340.000000)
m (-11.737810 46.955323 -340.000000)
m (-11.737810 46.955323 -350.000000)
l (-11.445522 45.659171 -350.000000)
l (-10.606549 44.471490 -350.000000)
l (-9.277724 43.450194 -350.000000)
l (-7.515884 42.653198 -350.000000)
l (-3.293958 41.987657 -350.000000)
l (0.927968 42.653198 -350.000000)
l (2.689808 43.450194 -350.000000)
l (4.018633 44.471490 -350.000000)
l (4.857607 45.659171 -350.000000)
l (5.149895 46.955323 -350.000000)
l (4.857607 48.251474 -350.000000)
l (4.018633 49.439156 -350.000000)
l (2.689808 50.460451 -350.000000)
l (0.927968 51.257447 -350.000000)
l (-3.293958 51.922988 -350.000000)
l (-7.515884 51.257447 -350.000000)
l (-9.277724 50.460451 -350.000000)
l (-10.606549 49.439156 -350.000000)
l (-11.445522 48.251474 -350.000000)
l (-11.737810 46.955323 -350.000000)
m (-11.737810 46.955323 -350.000000)
m (-11.737810 46.955323 -340.000000)
m (-3.395994 42.012872 -340.000000)
m (-3.395994 42.012872 -350.000000)
l (-3.257426 21.312933 -350.000000)
m (-3.257426 21.312933 -350.000000)
m (-3.257426 21.312933 -340.000000)
m (-41.086895 40.530229 -340.000000)
m (-41.086895 40.530229 -350.000000)
l (-46.274591 39.425377 -350.000000)
l (-50.469566 37.715530 -350.000000)
l (-52.299522 36.475356 -350.000000)
l (-53.696720 34.941818 -350.000000)
l (-54.145176 33.320292 -350.000000)
l (-53.439067 31.838431 -350.000000)
l (-51.852826 30.502250 -350.000000)
l (-49.660883 29.317764 -350.000000)
l (-44.557629 27.427932 -350.000000)
l (-40.324765 26.217049 -350.000000)
l (-35.283216 24.977655 -350.000000)
l (-26.857541 23.358690 -350.000000)
l (-15.898644 21.942876 -350.000000)
l (-3.257426 21.312933 -350.000000)
l (10.809543 21.924165 -350.000000)
l (24.941465 23.508380 -350.000000)
l (36.631101 25.563049 -350.000000)
l (40.776547 26.609762 -350.000000)
l (43.371207 27.585640 -350.000000)
l (45.912008 29.570810 -350.000000)
l (46.965353 31.620133 -350.000000)
l (46.966436 33.391461 -350.000000)
l (46.350452 34.542645 -350.000000)
l (44.912793 36.424457 -350.000000)
l (43.252124 38.022929 -350.000000)
l (40.045539 40.359156 -350.000000)
m (40.045539 40.359156 -350.000000)
m (40.045539 40.359156 -340.000000)
m (-39.940266 26.196587 -340.000000)
m (-39.940266 26.196587 -350.000000)
l (-45.066022 27.708681 -350.000000)
l (-50.081547 29.583677 -350.000000)
l (-49.612575 26.025364 -350.000000)
l (-48.604290 20.029877 -350.000000)
l (-46.862514 14.258574 -350.000000)
l (-45.035404 9.140174 -350.000000)
l (-42.934884 4.613973 -350.000000)
l (-41.156638 1.439836 -350.000000)
l (-38.666481 -2.029159 -350.000000)
l (-33.412120 -7.664228 -350.000000)
l (-27.496370 -12.029138 -350.000000)
l (-24.291241 -13.841131 -350.000000)
l (-21.733720 -14.912197 -350.000000)
l (-18.138953 -15.859776 -350.000000)
l (-13.937913 -16.893040 -350.000000)
l (-10.767231 -17.385100 -350.000000)
l (-6.870859 -17.593643 -350.000000)
l (0.288738 -17.357654 -350.000000)
l (8.590264 -15.924147 -350.000000)
l (13.866732 -14.429032 -350.000000)
l (18.688518 -12.516925 -350.000000)
l (22.756831 -10.455128 -350.000000)
l (25.772881 -8.510945 -350.000000)
l (31.055844 -3.799287 -350.000000)
l (34.779898 0.612994 -350.000000)
l (38.218154 6.771652 -350.000000)
l (40.167870 10.925539 -350.000000)
l (41.292665 14.641050 -350.000000)
l (42.522469 20.022750 -350.000000)
l (43.440493 24.848458 -350.000000)
l (43.518438 27.599898 -350.000000)
l (43.440493 27.699691 -350.000000)
l (39.889648 26.373868 -350.000000)
m (39.889648 26.373868 -350.000000)
m (39.889648 26.373868 -340.000000)
m (-4.764215 -1.222709 -340.000000)
m (-4.764215 -1.222709 -350.000000)
l (-0.795886 0.168418 -350.000000)
l (2.759075 1.090795 -350.000000)
l (6.111946 1.438576 -350.000000)
l (11.266168 1.289284 -350.000000)
l (13.591474 0.703588 -350.000000)
l (16.008272 -0.738839 -350.000000)
l (17.553166 -2.622321 -350.000000)
l (17.806106 -4.276841 -350.000000)
l (17.184073 -5.900118 -350.000000)
l (15.661449 -7.822734 -350.000000)
l (13.351105 -9.600593 -350.000000)
l (10.409675 -11.060470 -350.000000)
l (6.993797 -12.029138 -350.000000)
l (-0.648911 -13.117846 -350.000000)
l (-5.646066 -13.480748 -350.000000)
l (-11.243369 -12.966636 -350.000000)
l (-16.914160 -12.029138 -350.000000)
l (-20.478307 -10.335593 -350.000000)
l (-22.439507 -9.012511 -350.000000)
l (-23.675017 -7.432373 -350.000000)
l (-24.356430 -3.981356 -350.000000)
l (-24.107569 -2.338470 -350.000000)
l (-23.369179 -0.866725 -350.000000)
l (-22.212559 0.219349 -350.000000)
l (-20.606159 1.170839 -350.000000)
l (-17.208110 2.325671 -350.000000)
l (-13.227534 2.204704 -350.000000)
l (-9.761370 1.357931 -350.000000)
l (-4.764215 -1.222709 -350.000000)
l (-4.764215 -1.222709 -350.000000)
m (-4.764215 -1.222709 -350.000000)
m (-4.764215 -1.222709 -340.000000)
m (11.153801 39.275687 -340.000000)
m (11.153801 39.275687 -350.000000)
l (50.230400 50.452516 -350.000000)
m (50.230400 50.452516 -350.000000)
m (50.230400 50.452516 -340.000000)
m (10.738092 33.002980 -340.000000)
m (10.738092 33.002980 -350.000000)
l (55.496037 33.002980 -350.000000)
m (55.496037 33.002980 -350.000000)
m (55.496037 33.002980 -340.000000)
m (10.738092 27.528617 -340.000000)
m (10.738092 27.528617 -350.000000)
l (50.230400 16.351788 -350.000000)
m (50.230400 16.351788 -350.000000)
m (50.230400 16.351788 -340.000000)
m (-12.403011 27.528617 -340.000000)
m (-12.403011 27.528617 -350.000000)
l (-51.895318 16.351788 -350.000000)
m (-51.895318 16.351788 -350.000000)
m (-51.895318 16.351788 -340.000000)
m (-12.541583 33.117028 -340.000000)
m (-12.541583 33.117028 -350.000000)
l (-57.853804 33.117028 -350.000000)
m (-57.853804 33.117028 -350.000000)
m (-57.853804 33.117028 -340.000000)
m (-12.403011 39.503786 -340.000000)
m (-12.403011 39.503786 -350.000000)
l (-52.449595 50.680612 -350.000000)
m (-52.449595 50.680612 -350.000000)
m (-52.449595 50.680612 -340.000000)
m (-79.207972 -14.655762 -340.000000)
m (-79.207972 -14.655762 -350.000000)
l (-78.768166 -17.448631 -350.000000)
l (-77.505762 -20.007775 -350.000000)
l (-75.506280 -22.208402 -350.000000)
l (-72.855240 -23.925721 -350.000000)
l (-69.764393 -25.001271 -350.000000)
l (-66.502507 -25.359788 -350.000000)
l (-63.240621 -25.001271 -350.000000)
l (-60.149775 -23.925721 -350.000000)
l (-57.498734 -22.208402 -350.000000)
l (-55.499252 -20.007775 -350.000000)
l (-54.236848 -17.448631 -350.000000)
l (-53.797043 -14.655762 -350.000000)
l (-54.236848 -11.862893 -350.000000)
l (-55.499252 -9.303749 -350.000000)
l (-57.498734 -7.103122 -350.000000)
l (-60.149775 -5.385803 -350.000000)
l (-63.240621 -4.310253 -350.000000)
l (-66.502507 -3.951736 -350.000000)
l (-69.764393 -4.310253 -350.000000)
l (-72.855240 -5.385803 -350.000000)
l (-75.506280 -7.103122 -350.000000)
l (-77.505762 -9.303749 -350.000000)
l (-78.768166 -11.862893 -350.000000)
l (-79.207972 -14.655762 -350.000000)
m (-79.207972 -14.655762 -350.000000)
m (-79.207972 -14.655762 -340.000000)
m (52.294526 -33.722633 -340.000000)
m (52.294526 -33.722633 -350.000000)
l (52.734331 -36.515503 -350.000000)
l (53.996735 -39.074646 -350.000000)
l (55.996217 -41.275273 -350.000000)
l (58.647258 -42.992592 -350.000000)
l (61.738104 -44.068143 -350.000000)
l (64.999990 -44.426660 -350.000000)
l (68.261877 -44.068143 -350.000000)
l (71.352723 -42.992592 -350.000000)
l (74.003764 -41.275273 -350.000000)
l (76.003246 -39.074646 -350.000000)
l (77.265650 -36.515503 -350.000000)
l (77.705455 -33.722633 -350.000000)
l (77.265650 -30.929763 -350.000000)
l (76.003246 -28.370620 -350.000000)
l (74.003764 -26.169993 -350.000000)
l (71.352723 -24.452674 -350.000000)
l (68.261877 -23.377123 -350.000000)
l (64.999990 -23.018606 -350.000000)
l (61.738104 -23.377123 -350.000000)
l (58.647258 -24.452674 -350.000000)
l (55.996217 -26.169993 -350.000000)
l (53.996735 -28.370620 -350.000000)
l (52.734331 -30.929763 -350.000000)
l (52.294526 -33.722633 -350.000000)
m (52.294526 -33.722633 -350.000000)
m (52.294526 -33.722633 -340.000000)
m (50.161113 -6.686159 -340.000000)
m (50.161113 -6.686159 -350.000000)
l (48.108553 -8.560843 -350.000000)
l (46.799721 -9.933889 -350.000000)
l (46.419738 -10.734905 -350.000000)
l (63.048074 -23.166274 -350.000000)
l (64.754212 -23.030840 -350.000000)
l (67.551585 -23.280325 -350.000000)
m (67.551585 -23.280325 -350.000000)
m (67.551585 -23.280325 -340.000000)
m (-61.976249 -24.620403 -340.000000)
m (-61.976249 -24.620403 -350.000000)
l (-63.515668 -25.127388 -350.000000)
l (-64.132735 -25.575566 -350.000000)
l (-64.158716 -26.017507 -350.000000)
l (-57.087362 -29.569425 -350.000000)
l (-51.491215 -31.615884 -350.000000)
l (-48.339050 -32.484089 -350.000000)
l (-45.868263 -32.754903 -350.000000)
l (-45.292492 -35.241277 -350.000000)
l (-44.235870 -38.974318 -350.000000)
l (-41.987598 -44.892656 -350.000000)
l (-38.901179 -51.193877 -350.000000)
l (-35.743311 -55.998201 -350.000000)
l (-32.624415 -59.583624 -350.000000)
l (-29.654914 -62.228140 -350.000000)
l (-26.226402 -64.215983 -350.000000)
l (-22.076895 -65.642491 -350.000000)
l (-17.836452 -66.502315 -350.000000)
l (-14.135131 -66.790111 -350.000000)
l (-8.696278 -66.861392 -350.000000)
l (-5.751676 -66.504989 -350.000000)
l (-2.079586 -63.881856 -350.000000)
l (1.315367 -66.219864 -350.000000)
l (25.772881 -66.105816 -350.000000)
l (28.786769 -62.955205 -350.000000)
l (33.047782 -58.008319 -350.000000)
l (36.503358 -52.612364 -350.000000)
l (39.283409 -47.515789 -350.000000)
l (41.621767 -41.136158 -350.000000)
l (42.693516 -37.564101 -350.000000)
l (42.816930 -35.654668 -350.000000)
l (42.994743 -35.545296 -350.000000)
l (43.940643 -35.752678 -350.000000)
l (47.181869 -36.738134 -350.000000)
l (52.378224 -38.334824 -350.000000)
l (53.415331 -38.826662 -350.000000)
l (55.426755 -40.815396 -350.000000)
m (55.426755 -40.815396 -350.000000)
m (55.426755 -40.815396 -340.000000)
m (-27.790321 -63.460486 -340.000000)
m (-27.790321 -63.460486 -350.000000)
l (-29.869407 -62.500306 -350.000000)
l (-30.313394 -62.674197 -350.000000)
l (-32.037290 -63.727622 -350.000000)
l (-34.110252 -65.416127 -350.000000)
l (-35.163574 -67.298684 -350.000000)
l (-35.508812 -68.656733 -350.000000)
l (-35.335045 -70.254827 -350.000000)
l (-34.512520 -71.857646 -350.000000)
l (-33.347818 -73.188289 -350.000000)
l (-31.415708 -74.670140 -350.000000)
l (-28.301672 -75.978101 -350.000000)
l (-25.859358 -76.725643 -350.000000)
l (-23.479050 -77.089490 -350.000000)
l (-17.921552 -77.059248 -350.000000)
l (-14.987791 -76.760610 -350.000000)
l (-12.602889 -76.121750 -350.000000)
l (-8.851961 -74.322359 -350.000000)
l (-6.478925 -72.553209 -350.000000)
l (-5.440913 -70.665612 -350.000000)
l (-5.009173 -68.702411 -350.000000)
l (-5.306186 -67.071869 -350.000000)
l (-5.327620 -66.182254 -350.000000)
l (-3.661901 -64.952418 -350.000000)
m (-3.661901 -64.952418 -350.000000)
m (-3.661901 -64.952418 -340.000000)
m (-0.134498 -65.214514 -340.000000)
m (-0.134498 -65.214514 -350.000000)
l (1.414865 -66.368746 -350.000000)
l (1.310758 -67.129833 -350.000000)
l (1.182154 -68.876301 -350.000000)
l (1.310758 -70.577407 -350.000000)
l (2.410009 -72.286073 -350.000000)
l (4.299252 -74.085464 -350.000000)
l (6.791706 -75.355623 -350.000000)
l (9.247415 -76.262879 -350.000000)
l (14.905958 -77.109652 -350.000000)
l (18.476230 -77.066809 -350.000000)
l (21.936270 -76.645943 -350.000000)
l (25.586152 -75.375784 -350.000000)
l (28.868597 -73.561272 -350.000000)
l (30.659857 -71.535066 -350.000000)
l (31.269574 -70.261127 -350.000000)
l (31.440662 -68.722572 -350.000000)
l (31.095041 -67.150624 -350.000000)
l (30.421022 -65.854634 -350.000000)
l (28.942085 -64.287097 -350.000000)
l (28.665358 -63.784011 -350.000000)
l (28.841039 -63.135386 -350.000000)
l (29.750448 -61.847586 -350.000000)
m (29.750448 -61.847586 -350.000000)
m (29.750448 -61.847586 -340.000000)
m (-25.144768 -44.771007 -340.000000)
m (-25.144768 -44.771007 -350.000000)
l (23.504004 -44.609717 -350.000000)
l (23.332533 -46.172214 -350.000000)
l (22.426187 -49.004870 -350.000000)
l (19.994973 -52.578451 -350.000000)
l (17.380040 -55.577437 -350.000000)
l (9.835316 -59.609687 -350.000000)
l (3.913443 -60.491742 -350.000000)
l (-2.706563 -60.980652 -350.000000)
l (-7.777205 -60.189323 -350.000000)
l (-12.847848 -58.762915 -350.000000)
l (-16.944780 -56.550217 -350.000000)
l (-20.637530 -53.641957 -350.000000)
l (-23.105488 -50.456480 -350.000000)
l (-24.654851 -47.754872 -350.000000)
l (-25.181512 -45.244797 -350.000000)
l (-25.054440 -44.908356 -350.000000)
l (-24.017959 -44.760927 -350.000000)
m (-24.017959 -44.760927 -350.000000)
m (-24.017959 -44.760927 -340.000000)
m (-23.675017 -27.916203 -340.000000)
m (-23.675017 -27.916203 -350.000000)
l (-25.692863 -27.492187 -350.000000)
l (-26.883974 -27.502897 -350.000000)
l (-27.594354 -27.815397 -350.000000)
l (-29.682626 -29.307329 -350.000000)
l (-32.616005 -32.129904 -350.000000)
l (-34.493000 -34.808830 -350.000000)
l (-35.873954 -37.412151 -350.000000)
l (-36.618015 -40.612750 -350.000000)
l (-36.766139 -42.572171 -350.000000)
l (-36.535342 -44.629879 -350.000000)
l (-35.399346 -48.518480 -350.000000)
l (-34.492617 -50.291725 -350.000000)
l (-33.179409 -51.968573 -350.000000)
l (-29.155965 -55.542155 -350.000000)
l (-26.779101 -57.173956 -350.000000)
l (-24.434388 -58.359690 -350.000000)
l (-20.172109 -60.022993 -350.000000)
l (-15.615880 -61.323393 -350.000000)
l (-10.456440 -62.260891 -350.000000)
l (-5.425603 -62.775003 -350.000000)
l (1.513108 -62.767905 -350.000000)
l (8.209199 -62.370704 -350.000000)
l (15.917127 -60.923703 -350.000000)
l (20.602509 -59.620155 -350.000000)
l (24.352545 -57.979806 -350.000000)
l (29.730774 -54.312411 -350.000000)
l (31.796325 -52.338378 -350.000000)
l (33.186351 -50.195945 -350.000000)
l (34.758249 -45.666052 -350.000000)
l (35.052167 -43.351655 -350.000000)
l (34.849184 -40.986470 -350.000000)
l (33.597728 -36.912772 -350.000000)
l (32.008511 -34.143513 -350.000000)
l (27.227861 -28.526589 -350.000000)
l (24.577722 -26.274116 -350.000000)
l (24.339015 -25.883186 -350.000000)
l (24.564732 -25.456170 -350.000000)
l (26.292519 -24.477842 -350.000000)
m (26.292519 -24.477842 -350.000000)
m (26.292519 -24.477842 -340.000000)
m (-8.928511 -33.440385 -340.000000)
m (-8.928511 -33.440385 -350.000000)
l (-7.507751 -33.032120 -350.000000)
l (-3.735389 -32.533129 -350.000000)
l (2.511055 -32.573451 -350.000000)
l (6.871317 -33.279095 -350.000000)
l (7.361234 -33.440385 -350.000000)
l (7.336739 -35.597639 -350.000000)
l (4.813665 -35.012963 -350.000000)
l (4.035922 -34.798749 -350.000000)
l (0.722857 -34.569415 -350.000000)
l (-5.058165 -34.750866 -350.000000)
l (-8.536577 -35.476671 -350.000000)
l (-8.859999 -35.266553 -350.000000)
l (-8.974440 -34.627379 -350.000000)
l (-8.953006 -33.641998 -350.000000)
l (-8.766226 -33.437865 -350.000000)
l (-7.385272 -32.976676 -350.000000)
m (-7.385272 -32.976676 -350.000000)
m (-7.385272 -32.976676 -340.000000)
m (-4.568248 -34.670221 -340.000000)
m (-4.568248 -34.670221 -350.000000)
l (-5.658314 -34.841592 -350.000000)
l (-5.330682 -35.902578 -350.000000)
l (-4.831578 -36.746830 -350.000000)
l (-4.029339 -37.371829 -350.000000)
l (-2.611641 -38.110235 -350.000000)
l (-0.697903 -38.319408 -350.000000)
l (1.638390 -37.865779 -350.000000)
l (2.780509 -37.109733 -350.000000)
l (3.809335 -35.254898 -350.000000)
l (3.907319 -34.771028 -350.000000)
l (2.890741 -34.639980 -350.000000)
m (2.890741 -34.639980 -350.000000)
m (2.890741 -34.639980 -340.000000)
m (-1.579753 -30.668213 -340.000000)
m (-1.579753 -30.668213 -350.000000)
l (-2.700439 -31.096640 -350.000000)
l (-2.939273 -31.494825 -350.000000)
l (-3.000513 -32.472645 -350.000000)
l (0.833089 -32.432323 -350.000000)
l (1.067330 -32.259692 -350.000000)
l (1.090295 -31.565389 -350.000000)
l (0.663149 -30.814382 -350.000000)
l (-0.158994 -30.607730 -350.000000)
m (-0.158994 -30.607730 -340.000000)
m (0.000000 0.000000 -340.000000)
